query,output,flag,username,timestamp
Managing Return Reasons,,,,2024-02-29 17:24:35.579419
